9
84
2
53
28
474
153
13
129
98
111
225
31
171
191
486
415
335
36
405
323
422
375
380
345
57
481
436
104
299
162
154
402
95
73
108
156
332
182
82
351
278
214
155
223
473
49
317
11
319
40
418
165
382
370
3
50
363
219
465
237
23
342
204
258
315
27
93
17
303
488
395
283
309
419
123
19
117
232
72
189
369
493
318
239
148
105
336
6
200
81
65
434
164
378
313
495
424
398
5
296
254
75
167
21
259
499
347
150
78
340
441
361
267
221
466
39
134
197
355
430
80
444
246
85
215
263
74
403
458
16
25
127
454
70
44
59
103
112
429
88
179
358
470
205
397
294
137
295
35
438
247
209
61
107
285
175
99
455
24
421
275
48
426
489
136
30
274
10
178
1
447
280
185
228
135
69
492
199
352
8
276
230
334
96
38
368
404
261
168
29
437
423
54
284
485
68
32
349
41
63
416
55
130
116
76
462
330
37
390
256
216
174
180
476
312
265
115
71
218
202
440
385
373
210
89
149
26
7
435
482
177
157
412
22
194
14
151
233
206
245
122
94
461
226
97
91
51
33
453
67
46
322
66
399
487
138
62
211
52
269
119
100
442
310
143
301
113
478
298
272
354
0
249
192
86
172
357
331
450
300
477
163
308
196
47
133
359
64
42
409
406
483
238
193
311
140
388
56
372
236
110
248
60
181
203
326
90
169
292
479
142
4
124
324
121
131
166
468
365
213
87
353
101
333
114
459
45
338
18
222
343
20
224
12
79
387
251
120
471
77
376
432
327
384
321
212
407
266
145
201
456
305
260
420
329
392
417
190
158
443
83
374
457
125
328
159
147
195
377
367
394
494
304
446
43
262
128
102
449
184
469
452
234
362
356
144
291
484
188
414
92
350
241
306
425
281
207
126
302
146
451
498
339
250
344
346
348
496
106
118
433
270
307
173
410
490
252
314
391
277
325
264
289
160
341
132
428
337
445
497
187
183
396
271
293
400
360
371
297
491
389
386
379
288
268
472
273
287
448
176
411
408
364
242
58
467
170
15
316
240
229
217
109
227
290
460
393
282
34
220
243
208
139
320
383
480
286
244
431
279
198
381
463
366
439
255
401
475
257
152
235
464
253
427
231
141
186
161
413
